avg_box: 9.48777021353e-05 , has_month: False , has_week: False , has_year: False , heigth: 0.104621309371 , label: 0 , mid_box: 9.89997723005e-06 , num_alpha: 0 , num_box: 113 , num_int: 0 , num_special: 0 , var_box: 1.38202196981e-07 , width: 0.371722365039 
avg_box: 7.42198292944e-05 , has_month: False , has_week: False , has_year: False , heigth: 0.0523106546855 , label: 0 , mid_box: 1.18799726761e-05 , num_alpha: 0 , num_box: 11 , num_int: 0 , num_special: 0 , var_box: 1.3018676814e-08 , width: 0.146529562982 
avg_box: 0.000122641860781 , has_month: False , has_week: False , has_year: False , heigth: 0.0455712451861 , label: 0 , mid_box: 8.9924793173e-05 , num_alpha: 9 , num_box: 28 , num_int: 0 , num_special: 0 , var_box: 5.79209227303e-08 , width: 0.240616966581 
